12328.48
12315.58
12317.5
12416.76
12445.52
12441.27
12471.32
12463.87
12421.25
12343.22
0
12407.63
12510.57
12501.52
12463.15
0
0
12474.52
12480.69
12398.01
12423.49
12416.6
12442.16
12514.98
12556.08
0
12582.59
12577.15
12567.93
12565.53
12477.16
12533.8
12621.77
12502.56
12487.02
12490.78
12523.31
12621.69
12673.68
12653.49
12661.74
12666.31
12666.87
12637.63
12580.83
12552.55
12654.85
12741.86
12765.01
12767.57
0
12786.64
12738.41
12686.02
12647.48
12632.26
12216.24
12268.63
12234.34
12114.1
12050.41
12207.59
12192.45
12260.7
12276.32
12318.62
12075.96
12133.4
12159.68
12110.41
12226.17
12288.1
12447.52
12461.14
12481.01
12469.07
12397.29
12300.36
12348.75
12354.35
12382.3
12510.3
12530.05
12560.2
0
12569.14
12573.85
12484.62
12552.96
12612.13
12720.46
12773.04
12803.84
12808.63
12961.98
12919.4
12953.94
13089.89
13105.5
13120.94
13062.91
13136.14
13211.88
13241.38
13264.62
13312.97
13309.07
13362.87
13215.13
13326.22
13346.78
13383.84
13487.53
13476.72
13556.53
13542.88
13539.95
13525.65
13441.13
13507.28
0
13521.34
13633.08
13627.64
13668.11
13676.32
13595.46
13465.67
13266.73
13424.39
13424.96
13295.01
13482.35
13553.72
13639.48
13612.98
13635.42
13489.42
13545.84
13360.26
13352.05
13337.66
13427.73
13422.28
13408.62
13535.43
13577.3
0
13565.84
13611.68
13649.97
13501.7
13577.87
13861.73
13907.25
13950.98
13971.55
13918.22
14000.41
13851.08
13943.42
13716.95
13785.07
13473.57
13265.47
13358.31
13211.99
13362.37
13463.33
13181.91
13468.78
13504.3
13657.86
13270.68
13239.54
13236.53
13028.92
12861.47
12845.78
13079.08
13121.35
13090.86
13236.13
13235.88
13378.87
13322.13
13041.85
13289.29
13238.73
13357.74
0
13448.86
13305.47
13363.35
13113.38
13127.85
13308.39
13291.65
13424.88
13442.52
13403.42
13739.39
13815.56
13766.7
13820.19
13759.06
13778.65
13878.15
13912.94
13895.63
14087.55
14047.31
13968.05
13974.31
14066.01
14043.73
14164.53
14078.69
14015.12
14093.08
13984.8
13912.94
13892.54
13888.96
13522.02
13566.97
13676.23
13675.25
13671.92
13806.7
13870.26
13792.47
13930.01
13567.87
13595.1
13543.4
13660.94
13300.02
13266.29
13042.74
12987.55
13307.09
13231.01
13110.05
13176.79
12958.44
13010.14
12799.04
0
12980.88
12743.44
12958.44
13289.45
13311.73
13371.72
13314.57
13248.73
13444.96
13619.89
13625.58
13727.03
13432.77
13473.9
13517.96
13339.85
13167.2
13232.47
13207.27
13245.64
13450.65
13549.33
0
13551.69
13359.61
13365.87
13264.82
0
13043.96
13056.72
12800.18
12827.49
12589.07
12735.31
12853.09
12606.3
12778.15
12501.11
12466.16
12159.21
12099.3
0
11971.19
12270.17
12378.61
12207.17
12383.89
12480.3
12442.83
12650.36
12743.19
12635.16
12265.13
12200.1
12247
12182.13
12240.01
12373.41
12552.24
12376.98
12348.21
0
12337.22
12427.26
12284.3
12381.02
12570.22
12684.92
12694.28
12582.18
12266.39
12258.9
12213.8
12254.99
12040.39
11893.69
11740.15
12156.81
12110.24
12145.74
11951.09
11972.25
12392.66
12099.66
12361.32
0
12548.64
12532.6
12422.86
12302.46
12216.4
12262.89
12654.36
12605.83
12626.03
12609.42
12612.43
12576.44
12527.26
12581.98
12325.42
12302.06
12362.47
12619.27
12620.49
12849.36
12825.02
12720.23
12763.22
12848.95
12891.86
12871.75
12831.94
12820.13
13010
13058.2
12969.54
13020.83
12814.35
12866.78
12745.88
12876.31
12832.18
12898.38
12992.66
12986.8
13028.16
12828.68
12601.19
12625.62
12479.63
0
12548.35
12594.03
12646.22
12638.32
12503.82
12402.85
12390.48
12604.45
12209.81
12280.32
12289.76
12083.77
12141.58
12307.35
12269.08
12160.3
12029.06
12063.09
11842.69
11842.36
11807.43
11811.83
11453.42
11346.51
11350.01
11382.26
11215.51
11288.54
0
11231.96
11384.21
11147.44
11229.02
11100.54
11055.19
10962.54
11239.28
11446.66
11496.57
11467.34
11602.5
11632.38
11349.28
11370.69
11131.08
11397.56
11583.69
11378.02
11326.32
11284.15
11615.77
11656.07
11431.43
11734.32
11782.35
11642.47
11532.96
11615.93
11659.9
11479.39
11348.55
11417.43
11430.21
11628.06
11386.25
11412.87
11502.51
11715.18
11543.55
0
11516.92
11532.88
11188.23
11220.96
11510.74
11230.73
11268.92
11433.71
11421.99
10917.51
11059.02
10609.66
11019.69
11388.44
11015.69
10854.17
10825.17
11022.06
11143.13
10365.45
10850.66
10831.07
10482.85
10325.38
9955.5
9447.11
9258.1
8579.19
8451.19
9387.61
9310.99
8577.91
8979.26
8852.22
9265.43
9033.66
8519.21
8691.25
8378.95
8175.77
9065.12
8990.96
9180.69
9325.01
9319.83
9625.28
9139.27
8695.79
8943.81
8870.54
8693.96
8282.66
8835.25
8497.31
8273.58
8424.75
7997.28
7552.29
8046.42
8443.39
8479.47
8726.61
0
8829.04
8149.09
8419.09
8591.69
8376.24
8635.42
8934.18
8691.33
8761.42
8565.09
8629.68
8564.53
8924.14
8824.34
8604.99
8579.11
8519.77
8419.49
8468.48
0
8515.55
8483.93
8668.39
8776.39
0
9034.69
8952.89
9015.1
8769.7
8742.46
8599.18
8473.97
8448.56
8200.14
8212.49
8281.22
0
7949.09
8228.1
8122.8
8077.56
8116.03
8174.73
8375.45
8149.01
8000.86
7936.83
8078.36
7956.66
8063.07
8280.59
8270.87
7888.88
7939.53
7932.76
7850.41
0
7552.6
7555.63
7465.95
7365.67
7114.78
7350.94
7270.89
7182.08
7062.93
6763.29
6726.02
6875.84
6594.44
6626.94
6547.05
6926.49
6930.4
7170.06
7223.98
7216.97
7395.7
7486.58
7400.8
7278.38
7775.86
7659.97
7749.81
7924.56
7776.18
7522.02
7608.92
7761.6
7978.08
8017.59
7975.85
7789.56
7837.11
8083.38
0
8057.81
7920.18
8029.62
8125.43
8131.33
7841.73
7969.56
7886.57
7957.06
8076.29
8025
8016.95
8185.73
8168.12
8212.41
8426.74
8410.65
8512.28
8409.85
8574.65
8418.77
8469.11
8284.89
8331.32
8268.64
8504.08
8474.85
8422.04
8292.13
8277.32
0
8473.49
8300.02
8403.8
8500.33
8721.44
8740.87
8675.28
8750.24
8763.13
8764.49
8763.06
8739.02
8770.92
8799.26
8612.13
8504.67
8497.18
8555.6
8539.73
8339.01
8322.91
8299.86
8472.4
8438.39
8529.38
8447
8504.06
8280.74
0
8324.87
8163.6
8178.41
8183.17
8146.52
8331.68
8359.49
8616.21
8711.82
8743.94
8848.15
8915.94
8881.26
9069.29
9093.24
9108.51
9096.72
9070.72
9154.46
9171.61
9286.56
9320.19
9280.97
9256.26
9370.07
9337.95
9241.45
9361.61
9398.19
9321.4
9135.34
9217.94
9279.16
9350.05
9505.96
9509.28
9539.29
9543.52
9580.63
9544.2
9496.28
9310.6
9280.67
9344.61
9441.27
0
9497.34
9547.22
9627.48
9605.41
9626.8
9683.41
9791.71
9783.92
9820.2
9778.86
9829.87
9748.55
9707.44
9665.19
9789.36
9742.2
9712.28
9509.28
9487.67
9599.75
9731.25
9725.58
9786.87
9864.94
9885.8
9871.06
10015.86
10062.94
9995.91
10092.19
10041.48
9949.36
10081.31
9972.18
9867.96
9882.17
9762.69
9962.58
9712.73
9789.44
9771.91
9802.14
10005.96
10023.42
10226.94
10246.97
10291.26
10197.47
10270.47
10406.96
10437.42
10426.31
10332.44
10318.16
10450.95
10433.71
10464.4
0
10309.92
10344.84
10471.58
10452.68
10366.15
10388.9
10390.11
10285.97
10337.05
10405.83
10471.5
10501.05
10452
10441.12
10308.26
10328.89
10414.14
10464.93
10466.44
10520.1
0
10547.08
10545.41
10548.51
10428.05
0
10583.96
10572.02
10573.68
10606.86
10618.19
10663.99
10627.26
10680.77
10710.55
10609.65
0
10725.43
10603.15
10389.88
10172.98
10196.86
10194.29
10236.16
10120.46
10067.33
10185.53
10296.85
10270.55
10002.18
10012.23
9908.39
10058.64
10038.38
10144.19
10099.14
0
10268.81
10309.24
10392.9
10402.35
10383.38
10282.41
10374.16
10321.03
10325.26
10403.79
10405.98
10396.76
10444.14
10566.2
10552.52
10564.38
10567.33
10611.84
10624.69
10642.15
10685.98
10733.67
10779.17
10741.98
10785.89
10888.83
10836.15
10841.21
10850.36
10895.86
10907.42
10856.63
10927.07
0
10973.55
10969.99
10897.52
10927.07
10997.35
11005.97
11019.42
11123.11
11144.57
11018.66
11092.05
11117.06
11124.92
11134.29
11204.28
11205.03
10991.99
11045.27
11167.32
11008.61
11151.83
10926.77
10868.12
10520.32
10380.43
10785.14
10748.26
10896.91
10782.95
10620.16
10625.83
10510.95
10444.37
10068.01
10193.39
10066.57
10043.75
9974.45
10258.99
10136.63
0
10024.02
10249.54
10255.28
9931.97
9816.49
9939.98
9899.25
10172.53
10211.07
10190.89
10404.77
10409.46
10434.17
10450.64
10442.41
10293.52
10298.44
10152.8
10143.81
10138.52
9870.3
9774.02
9732.53
9686.48
0
9743.62
10018.28
10138.99
10198.03
10216.27
10363.02
10366.72
10359.31
10097.9
10154.43
10229.96
10120.53
10322.3
10424.62
10525.43
10537.69
10497.88
10467.16
10465.94
10674.38
10636.38
10680.43
10674.98
10653.56
10698.75
10644.25
10378.83
10319.95
10303.15
10302.01
10405.85
10415.54
10271.21
10213.62
10174.41
10040.45
10060.06
9985.81
10150.65
10009.73
10014.72
10269.47
10320.1
10447.93
0
10340.69
10387.01
10415.24
10462.77
10544.13
10526.49
10572.73
10594.83
10607.85
10753.62
10761.03
10739.31
10662.42
10860.26
10812.04
10858.14
10835.28
10788.05
10829.68
10751.27
10944.72
10967.65
10948.58
11006.48
11010.34
11020.4
11096.08
11094.57
11062.78
11143.69
10978.62
11107.97
11146.57
11132.56
11164.05
11169.46
11126.28
11113.95
11118.49
11124.62
11188.72
11215.13
11434.84
11444.08
11406.84
11346.75
11357.04
11283.1
11192.58
11201.97
11023.5
11007.88
11181.23
11203.55
11178.58
11036.37
11187.28
0
11092
11052.49
11006.02
11255.78
11362.41
11382.09
11362.19
11359.16
11372.48
11370.06
11410.32
11428.56
11476.54
11457.47
11499.25
11491.91
11478.13
11533.16
11559.49
11573.49
0
11555.03
11575.54
11585.38
11569.71
11577.51
11670.75
11691.18
11722.89
11697.31
11674.76
11637.45
11671.88
11755.44
11731.9
11787.38
0
11837.93
11825.29
11822.8
11871.84
11980.52
11977.19
11985.44
11989.83
11823.7
11891.93
12040.16
12041.97
12062.26
12092.15
12161.63
12233.15
12239.89
12229.29
12273.26
12268.19
12226.64
12288.17
12318.14
12391.25
0
12212.79
12105.78
12068.5
12130.45
12226.34
12058.02
12066.8
12258.2
12169.88
12090.03
12214.38
12213.09
11984.61
12044.4
11993.16
11855.42
11613.3
11774.59
11858.52
12036.53
12018.63
12086.02
12170.56
12220.59
12197.88
12279.01
12350.61
12319.73
12376.72
12400.03
12393.9
12426.75
12409.49
12380.05
12381.11
12263.58
12270.99
12285.15
12341.83
12201.59
12266.75
12453.54
12505.99
0
12479.88
12595.37
12690.96
12763.31
12810.54
12807.36
12807.51
12723.58
12584.17
12638.74
12684.68
12760.36
12630.03
12695.92
12595.75
12548.37
12479.58
12560.18
12605.32
12512.04
12381.26
12356.21
12394.66
12402.76
12441.58
0
12569.79
12290.14
12248.55
12151.26
12089.96
12070.81
12048.94
12124.36
11951.91
11952.97
12076.11
11897.27
11961.52
12004.36
12080.38
12190.01
12109.67
12050
11934.58
12043.56
12188.69
12261.42
12414.34
12582.77
0
12569.87
12626.02
12719.49
12657.2
12505.76
12446.88
12491.61
12437.12
12479.73
12385.16
12587.42
12571.91
12724.41
12681.16
12592.8
12501.3
12302.55
12240.11
12143.24
12132.49
11866.62
11896.44
11383.68
11444.61
10809.85
11239.77
10719.94
11143.31
11269.02
11482.9
11405.93
11410.21
10990.58
10817.65
10854.65
11176.76
11320.71
11149.82
11284.54
11539.25
11559.95
11613.53
11493.57
11240.26
0
11139.3
11414.86
11295.81
10992.13
11061.12
11105.85
11246.73
11433.18
11509.09
11401.01
11408.66
11124.84
10733.83
10771.48
11043.86
11190.69
11010.9
11153.98
10913.38
10655.3
10808.71
10939.95
11123.33
11103.12
11433.18
11416.3
11518.85
11478.13
11644.49
11397
11577.05
11504.62
11541.78
11808.79
11913.62
11706.62
11869.04
12208.55
12231.11
11955.01
11657.96
11836.04
12044.47
11983.24
12068.39
12170.18
11780.94
11893.79
12153.68
12078.98
12096.16
11905.59
11770.73
11796.16
11547.31
11493.72
11257.55
0
11231.78
11523.01
11555.63
12045.68
12020.03
12019.42
12097.83
12150.13
12196.37
11997.7
12184.26
12021.39
11954.94
11823.48
11868.81
11866.39
11766.26
12103.58
12107.74
12169.65
12294
0
12291.35
12151.41
12287.04
12217.56
0
12397.38
12418.42
12415.7
12359.92
12392.69
12462.47
12449.45
12471.02
12422.06
0
12482.07
12578.95
12623.98
12720.48
12708.82
12675.75
12756.96
12734.63
12660.46
12653.72
12632.91
12716.46
12705.41
12862.23
12845.13
12878.2
12883.95
12890.46
12801.23
12874.04
12878.28
12780.95
12904.08
12949.87
0
12965.69
12938.67
12984.69
12982.95
12981.51
13005.12
12952.07
12980.3
12977.57
12962.81
12759.15
12837.33
12907.94
12922.02
12959.71
13177.68
13194.1
13252.76
13232.62
13239.13
13170.19
13124.62
13046.14
13080.73
13241.63
13197.73
13126.21
13145.82
13212.04
13264.49
13199.55
13074.75
13060.14
0
12929.59
12715.93
12805.39
12986.58
12849.59
12921.41
13115.54
13032.75
12964.1
13029.26
12927.17
13001.56
13090.72
13204.62
13228.31
13213.63
13279.32
13268.57
13206.59
13038.27
13008.53
12932.09
12835.06
12855.04
12820.6
12695.35
12632
12598.55
12442.49
12369.38
12504.48
12502.81
12496.15
12529.75
12454.83
0
12580.69
12419.86
12393.45
12118.57
12101.46
12127.95
12414.79
12460.96
12554.2
12411.23
12573.8
12496.38
12651.91
12767.17
12741.82
12837.33
12824.39
12573.57
12640.78
12502.66
12534.67
12627.01
12602.26
12880.09
12871.39
12943.82
0
12896.67
12772.47
12736.29
12653.12
12604.53
12573.27
12777.09
12727.21
12805.54
12908.7
12943.36
12822.57
12721.46
12617.32
12676.05
12887.93
13075.66
13073.01
13008.68
12971.06
12878.88
13096.17
13117.51
13168.6
13175.64
13165.19
13207.95
13169.43
13172.14
13164.78
13250.11
13275.2
13271.64
13203.58
13172.76
13057.46
13157.97
13124.67
13102.99
13107.48
13000.71
13090.84
0
13035.94
13047.48
13292
13306.64
13254.29
13323.36
13333.35
13539.86
13593.37
13553.1
13564.64
13577.96
13596.93
13579.47
13558.92
13457.55
13413.51
13485.97
13437.13
13515.11
13482.36
13494.61
13575.36
13610.15
13583.65
13473.53
13344.97
13326.39
13328.85
13424.23
13551.78
13557
13548.94
13343.51
13345.89
13102.53
13077.34
13103.68
13107.21
0
0
13096.46
13232.62
13093.16
13112.44
13245.68
12932.73
12811.32
12815.39
12815.08
12756.18
12570.95
12542.38
12588.31
12795.96
12788.51
12836.89
0
13009.68
12967.37
12878.13
12985.11
13021.82
13025.58
12965.6
12951.78
13034.49
13074.04
13155.13
13169.88
13248.44
13245.45
13170.72
13135.01
13235.39
13350.96
13251.97
13311.72
13190.84
13139.08
0
13114.59
13096.31
12938.11
13104.14
0
13412.55
13391.36
13435.21
13384.29
13328.85
13390.51
13471.22
13488.43
13507.32
13534.89
13511.23
13596.02
13649.7
0
13712.21
13779.33
13825.33
13895.98
13881.93
13954.42
13910.42
13860.58
14009.79
13880.08
13979.3
13986.52
13944.05
13992.97
13971.24
14018.7
13982.91
13973.39
13981.76
0
14035.67
13927.54
13880.62
14000.57
13784.17
13900.13
14075.37
14054.49
14089.66
14127.82
14253.77
14296.24
14329.49
14397.07
14447.29
14450.06
14455.28
14539.14
14514.11
14452.06
14455.82
14511.73
14421.49
14512.03
14447.75
14559.65
14526.16
14578.54
0
14572.85
14662.01
14550.35
14606.11
14565.25
14613.48
14673.46
14802.24
14865.14
14865.06
14599.2
14756.78
14618.59
14537.14
14547.51
14567.17
14719.46
14676.3
14700.8
14712.55
14818.75
14839.8
14700.95
14831.58
14973.96
14968.89
15056.2
15105.12
15082.62
15118.49
15091.68
15215.25
15275.69
15233.22
15354.4
15335.28
15387.58
15307.17
15294.5
15303.1
0
15409.39
15302.8
15324.53
15115.57
15254.03
15177.54
14960.59
15040.62
15248.12
15238.59
15122.02
14995.23
15176.08
15070.18
15179.85
15318.23
15112.19
14758.32
14799.4
14659.56
14760.31
14910.14
15024.49
14909.6
14974.96
14932.41
14988.55
0
15135.84
15224.69
15300.34
15291.66
15460.92
15464.3
15484.26
15451.85
15470.52
15548.54
15543.74
15545.55
15567.74
15542.24
15555.61
15558.83
15521.97
15520.59
15499.54
15628.02
15658.36
15612.13
15518.74
15470.67
15498.32
15425.51
15419.68
15451.01
15337.66
15112.19
15081.47
15010.74
15002.99
14897.55
14963.74
15010.51
14946.46
14776.13
14824.51
14840.95
14810.31
0
14833.96
14930.87
14937.48
14922.5
15063.12
15191.06
15326.6
15300.64
15376.06
15494.78
15529.73
15676.94
15636.55
15451.09
15401.38
15334.59
15273.26
15328.3
15258.24
15129.67
15191.7
15133.14
14996.48
15072.58
14936.24
14776.53
14802.98
15126.07
15237.11
15301.26
15168.01
15373.83
15371.65
15399.65
15392.2
15467.66
15413.33
15509.21
15570.28
15568.93
15680.35
15618.76
15545.75
15615.55
15639.12
15618.22
15746.88
15593.98
15761.78
15783.1
15750.67
15821.63
15876.22
15961.7
15976.02
15967.03
15900.82
16009.99
16064.77
16072.54
16072.8
16097.33
0
16086.41
16008.77
15914.62
15889.77
15821.51
16020.2
16025.53
15973.13
15843.53
15739.43
15755.36
15884.57
15875.26
16167.97
16179.08
16221.14
16294.61
16357.55
0
16479.88
16478.41
16504.29
16576.66
0
16441.35
16469.99
16425.1
16530.94
16462.74
16444.76
16437.05
16257.94
16373.86
16481.94
16417.01
16458.56
0
16414.44
16373.34
16197.35
15879.11
15837.88
15928.56
15738.79
15848.61
15698.85
15372.8
15445.24
15440.23
15628.53
15794.08
15801.79
15994.77
15963.94
16027.59
16154.39
0
16130.4
16040.56
16133.23
16103.3
16207.14
16179.66
16198.41
16272.65
16321.71
16168.03
16395.88
16360.18
16421.89
16452.72
16418.68
16351.25
16340.08
16108.89
16065.67
16247.22
16336.19
16222.17
16331.05
16302.77
16276.69
16367.88
16268.99
16264.23
16323.06
16457.66
16532.61
16573
16572.55
16412.71
16245.87
16256.14
16437.18
16170.22
16026.75
16173.24
16262.56
16424.85
16408.54
0
16449.25
16514.37
16501.65
16501.65
16361.46
16448.74
16535.37
16580.84
16558.87
16512.89
16530.55
16401.02
16518.54
16550.97
16583.34
16695.47
16715.44
16613.97
16446.81
16491.31
16511.86
16374.31
16533.06
16543.08
16606.27
0
16675.5
16633.18
16698.74
16717.17
16743.63
16722.34
16737.53
16836.11
16924.28
16943.1
16945.92
16843.88
16734.19
16775.74
16781.01
16808.49
16906.62
16921.46
16947.08
16937.26
16818.13
16867.51
16846.13
16851.84
16826.6
16956.07
16976.24
17068.26
0
17024.21
16906.62
16985.61
16915.07
16943.81
17055.42
17060.68
17138.2
16976.81
17100.18
17051.73
17113.54
17086.63
17083.8
16960.57
16982.59
16912.11
16880.36
16563.3
16493.37
16569.28
16429.47
16443.34
16368.27
16553.93
16569.98
16560.54
16651.8
16713.58
16662.91
16838.74
16919.59
16979.13
17039.49
17001.22
17076.87
17106.7
17122.01
17079.57
17098.45
0
17067.56
17078.28
17069.58
17137.36
17111.42
17013.87
17068.71
17049
16987.51
17031.14
17131.97
17156.85
17265.99
17279.74
17172.68
17055.87
17210.06
16945.8
17113.15
17071.22
17042.9
16804.71
16801.05
17009.69
16991.91
16719.39
16994.22
16659.25
16544.1
16321.07
16315.19
16141.74
16117.24
16380.41
16399.67
16614.81
16461.32
16677.9
16805.41
16817.94
17005.75
16974.31
17195.42
17390.52
17366.24
17383.84
17484.53
17554.47
17573.93
17613.74
17614.9
17612.2
17652.79
17634.74
17647.75
17687.82
17685.73
17719
17810.06
17817.9
17814.94
17827.75
0
17828.24
17776.8
17879.55
17912.62
17900.1
17958.79
17852.48
17801.2
17533.15
17596.34
17280.83
17180.84
17068.87
17356.87
17778.15
17804.8
17959.44
18024.17
18030.21
0
18053.71
18038.23
17983.07
17823.07
0
17832.99
17501.65
17371.64
17584.52
17907.87
17737.37
17640.84
17613.68
17427.09
17320.71
17511.57
0
17515.23
17554.28
17813.98
17672.6
17678.7
17387.21
17191.37
17416.85
17164.95
17361.04
17666.4
17673.02
17884.88
17824.29
17729.21
17868.76
17862.14
17972.38
18019.35
0
18047.58
18029.85
17985.77
18140.44
18116.84
18209.19
18224.57
18214.42
18132.7
18288.63
18203.37
18096.9
18135.72
17856.78
17995.72
17662.94
17635.39
17895.22
17749.31
17977.42
17849.08
18076.19
17959.03
18127.65
18116.04
18011.14
17718.54
17678.23
17712.66
17976.31
17776.12
17698.18
17763.24
0
17880.85
17875.42
17902.51
17958.73
18057.65
17977.04
18036.7
18112.61
18105.77
17826.3
18034.93
17949.59
18038.27
18058.69
18080.14
18037.97
18110.14
18035.53
17840.52
18024.06
18070.4
17928.2
17841.98
17924.06
18191.11
18105.17
18068.23
18060.49
18252.24
18272.56
18298.88
18312.39
18285.4
18285.74
18232.02
0
18041.54
18162.99
18126.12
18010.68
18040.37
18011.94
18076.27
17905.58
17849.46
17766.55
17764.04
18000.4
18039.37
17898.84
17791.17
17904.48
17935.74
18115.84
18015.95
18119.78
18144.07
17966.07
17890.36
17946.68
17596.35
17619.51
17757.91
17730.11
0
17683.58
17776.91
17515.42
17548.62
17760.41
17977.68
18053.58
18050.17
18120.25
18086.45
18100.41
17919.29
17851.04
17731.92
17568.53
17440.59
17630.27
17751.39
17745.98
17689.86
17598.2
17550.69
17540.47
17419.75
17373.38
17615.17
17402.84
17402.51
17408.25
17477.4
17545.18
17511.34
17348.73
16990.69
16459.75
15871.35
15666.44
16285.51
16654.77
16643.01
16528.03
16058.35
16351.38
16374.76
16102.38
0
16492.68
16253.57
16330.4
16433.09
16370.96
16599.85
16739.95
16674.74
16384.58
16510.19
16330.47
16279.89
16201.32
16314.67
16001.89
16049.13
16284.7
16272.01
16472.37
16776.43
16790.19
16912.29
17050.75
17084.49
17131.86
17081.89
16924.75
17141.75
17215.97
17230.54
17217.11
17168.61
17489.16
17646.7
17623.05
17581.43
17779.52
17755.8
17663.54
17828.76
17918.15
17867.58
17863.43
17910.33
17730.48
17758.21
17702.22
17448.07
17245.24
17483.01
17489.5
17737.16
17732.75
17823.81
17792.68
17812.19
17813.39
0
17798.49
17719.92
17888.35
17729.68
17477.67
17847.63
17730.51
17568
17492.3
17574.75
17265.21
17368.5
17524.91
17749.09
17495.84
17128.55
17251.62
17417.27
17602.61
17552.17
0
17528.27
17720.98
17603.87
17425.03
0
17148.94
17158.66
16906.51
16514.1
16346.45
16398.57
16516.22
16151.41
16379.05
15988.08
0
16016.02
15766.74
15882.68
16093.51
15885.22
16167.23
15944.46
16069.64
16466.3
16449.18
16153.54
16336.66
16416.58
16204.97
16027.05
16014.38
15914.74
15660.18
15973.84
0
16196.41
16453.83
16413.43
16391.99
16620.66
16431.78
16484.99
16697.29
16639.97
16516.5
16865.08
16899.32
16943.9
17006.77
17073.95
16964.1
17000.36
16995.13
17213.31
17229.13
17251.53
17325.76
17481.49
17602.3
17623.87
17582.57
17502.59
17515.73
0
17535.39
17633.11
17716.66
17685.09
17792.75
17737
17603.32
17716.05
17541.96
17576.96
17556.41
17721.25
17908.28
17926.43
17897.46
18004.16
18053.6
18096.27
17982.52
18003.75
17977.24
17990.32
18041.55
17830.76
17773.64
17891.16
17750.91
17651.26
17660.71
17740.63
17705.91
17928.35
17711.12
17720.5
17535.32
17710.71
17529.98
17526.62
17435.4
17500.94
17492.93
17706.05
17851.51
17828.29
17873.22
0
17787.2
17789.67
17838.56
17807.06
17920.33
17938.28
18005.05
17985.19
17865.34
17732.48
17674.82
17640.17
17733.1
17675.16
17804.87
17829.73
17780.83
18011.07
17400.75
17140.24
17409.72
17694.68
17929.99
17949.37
0
17840.62
17918.62
17895.88
18146.74
18226.93
18347.67
18372.12
18506.41
18516.55
18533.05
18559.01
18595.03
18517.23
18570.85
18493.06
18473.75
18472.17
18456.35
18432.24
18404.51
18313.77
18355
18352.05
18543.53
18529.29
18533.05
18495.66
18613.52
18576.47
18636.05
18552.02
18573.94
18597.7
18552.57
18529.42
18547.3
18481.48
18448.41
18395.4
18502.99
18454.3
18400.88
18419.3
18491.96
0
18538.12
18526.14
18479.91
18085.45
18325.07
18066.75
18034.77
18212.48
18123.8
18120.17
18129.96
18293.7
18392.46
18261.45
18094.83
18228.3
18339.24
18143.45
18308.15
18253.85
18168.45
18281.03
18268.5
18240.49
18329.04
18128.66
18144.2
18098.94
18138.38
18086.4
18161.94
18202.62
18162.35
18145.71
18223.03
18169.27
18199.33
18169.68
18161.19
18142.42
18037.1
17959.64
17930.67
17888.28
18259.6
18332.74
18589.69
18807.88
18847.66
18868.69
18923.06
18868.14
18903.82
18867.93
18956.69
19023.87
19083.18
0
19152.14
19097.9
19121.6
19123.58
19191.93
19170.42
19216.24
19251.78
19549.62
19614.81
19756.85